         0         0     1.778     3.556     5.333     7.111     8.889     10.67     12.44     14.22        16
    0.8889     4.444     6.222         8     9.778     11.56     13.33     15.11     16.89     18.67     20.44
     1.778     8.889     10.67     12.44     14.22        16     17.78     19.56     21.33     23.11     24.89
     2.667     13.33     15.11     16.89     18.67     20.44     22.22        24     25.78     27.56     29.33
     3.556     17.78     19.56     21.33     23.11     24.89     26.67     28.44     30.22        32     33.78
     4.444     22.22        24     25.78     27.56     29.33     31.11     32.89     34.67     36.44     38.22
     5.333     26.67     28.44     30.22        32     33.78     35.56     37.33     39.11     40.89     42.67
     6.222     31.11     32.89     34.67     36.44     38.22        40     41.78     43.56     45.33     47.11
     7.111     35.56     37.33     39.11     40.89     42.67     44.44     46.22        48     49.78     51.56
         8        40     41.78     43.56     45.33     47.11     48.89     50.67     52.44     54.22        56
                   0    0.8889     1.778     2.667     3.556     4.444     5.333     6.222     7.111         8
